20 8
10 -0.009452447 0.011185206 0.056774836 -0.016819125 -0.02028996 0.0137899555 -0.0039500487 -0.05961479
12 0.0064367666 0.028506873 -0.028542893 0.059759744 0.010194857 -0.03926845 0.026900591 0.04615752
17 0.021244833 -0.006229327 0.0053811115 0.049706586 -0.041332535 0.016898567 0.05218126 0.042120878
15 -0.02824177 -0.036216546 0.04484341 0.0107116625 -0.0056201085 -0.0531959 0.03328478 0.060575508
14 0.0070501897 0.029589418 0.026842551 -0.057405673 -0.051971436 0.027209608 -0.028318271 -0.01187752
3 -0.05411744 -0.03717481 0.010454201 -0.018523887 -0.051966924 -0.01583373 -0.010024336 -0.038708586
18 -0.0032058798 -0.037969593 0.04619545 0.016708987 -0.05634854 0.02717314 0.0616714 0.056274507
8 0.023710513 0.0056464975 0.05753395 0.042791564 0.01368172 -0.024638284 -0.015198234 -0.047704954
16 0.04392751 0.024938736 -0.0005923236 0.034581684 0.059257336 -0.033006974 0.011114489 -0.019920398
0 -0.06027308 0.021113493 -0.0023172626 0.030322531 0.052601982 0.017570382 0.0059753954 -0.060911335
5 0.034531977 0.04654256 -0.0066517484 -0.04271434 0.02760464 0.0052001467 0.051402226 0.055378865
6 -0.023849158 -0.036383875 0.010297352 -0.034628157 0.0027460458 0.05541808 -0.039400537 0.00859227
11 -0.05476133 -0.024736855 -0.055504758 0.0015847319 -0.011443199 -0.030787067 0.024278274 0.0550889
13 -0.061820954 0.012368697 0.028462958 -0.0418393 0.009567326 0.023649277 0.023797337 -0.05429229
7 -0.041191164 -0.039333414 0.038179953 -0.041398276 -0.04773968 0.016435688 -0.03310296 0.014217827
9 0.048336644 -0.05736321 -0.014514168 -0.03395096 -0.061281987 0.038635593 -0.01092982 0.0058242623
2 0.010004648 0.009899612 0.009685052 -0.041904386 -0.052606437 -0.034041636 -0.052997284 -0.018391056
1 -0.04114609 0.006250627 -0.043930218 -0.051625226 0.047810756 -0.058050014 0.059254248 -0.050769184
19 -0.016145866 0.031145828 -0.013312583 -0.054951787 -0.023097754 -0.013821841 -0.054034974 0.04613695
4 -0.062016234 0.03311796 0.009355968 -0.017110933 -0.027581079 0.062465098 0.049724523 -0.0088952985
